DEC
INC
STA
STX
STY


STA
1000 00 01
1000 01 01
1000 10 01
1000 11 01
(opcode & 0xE3) == 0x81 && opcode != 0x89

STX 
1000 0110
1000 1110
1001 0110
(opcode & 0xE3) == 0x82

STY
1000 0100
1000 1100
1001 0100
(opcode & 0xE3) == 0x80

DEC
1100 0110
1100 1110
1101 0110
1101 1110
(opcode & 0xE3) == 0xc2


INC
1110 0110
1110 1110
1111 0110
1111 1110
(opcode & 0xE3) == 0xe2



0 00 00
0 00 01
0 00 10
0 00 11

0 01 00
0 01 01
0 01 10
0 01 11

0 10 00
0 10 01
0 10 10
0 10 11

0 11 00
0 11 01
0 11 10
0 11 11


1 0000
1 0001
1 0010
1 0011

1 0100
1 0101
1 0110
1 0111

1 1000
1 1001
1 1010
1 1011

1 1100
1 1101
1 1110
1 1111

